0/0=27,28,29,30,31,32,34,35,36,37,38
0/1=21,22,23,24,25,40,41,42,43,44,45
0/2=15,16,17,18,19,46,47,48,49,50,51
0/3=8,9,10,11,12,13,53,54,55,56,57,58
0/4=1,2,3,4,5,6,59,60,61,62,63,64
1/0=90,91,92,93,94,95,96,97,98,99,100
1/1=84,85,86,87,88,89,101,102,103,104,105,106
1/2=77,78,79,80,81,82,108,109,110,111,112,113
1/3=71,72,73,74,75,76,114,115,116,117,118,119
1/4=65,66,67,68,69,70,121,122,123,124,125
2/0=152,153,154,155,156,157,158,159,160,161,162,163,164
2/1=146,147,148,149,150,151,165,166,167,168,169,170
2/2=139,140,141,142,143,144,172,173,174,175,176,177
2/3=132,133,134,135,136,137,138,178,179,180,181,182,183
2/4=126,127,128,129,130,131,184,185,186,187,188,189
3/0=218,219,220,221,222,224,225,226,227,228,229
3/1=211,212,213,214,215,216,230,231,232,233,234,235
3/2=205,206,207,208,209,210,237,238,239,240,241,242
3/3=197,198,199,200,201,202,203,243,244,245,246,247,248
3/4=191,192,193,194,195,196,246,247,248,249,250,251,252
4/0=279,280,281,282,283,284,285,286,287,288,289
4/1=273,274,275,276,277,291,292,293,294,295,296
4/2=266,267,268,269,270,271,297,298,299,300,301,302
4/3=260,261,262,263,264,265,304,305,306,307,308,309
4/4=253,254,255,256,257,258,310,311,312,313,314,315
5/0=342,343,344,345,346,347,348,349,350,351,352
5/1=335,336,337,338,339,340,354,355,356,357,358,359
5/2=329,330,331,332,333,334,360,361,362,363,364,365
5/3=322,323,324,325,326,327,366,367,368,369,370,371
5/4=316,317,318,319,320,321,373,374,375,376,377,378
6/0=405,406,407,408,410,411,412,413,414
6/1=398,399,400,401,402,403,416,417,418,419,420,421
6/2=392,393,394,395,396,397,422,423,424,425,426,427
6/3=386,387,388,389,390,391,429,430,431,432,433,434
6/4=379,380,381,382,383,384,435,436,437,438,439,440
7/0=467,468,469,470,471,472,473,474,475,476
7/1=460,461,462,463,464,465,478,479,480,481,482
7/2=454,455,456,457,458,459,484,485,486,487,488,489
7/3=447,448,449,450,451,452,490,491,492,493,494,495
7/4=441,442,443,444,445,446,497,498,499,500,501,502
8/0=529,530,531,532,533,534,535,536,537,538
8/1=522,523,524,525,526,527,540,541,542,543,544,545
8/2=516,517,518,519,520,521,546,547,548,549,550,551
8/3=510,511,512,513,514,515,553,554,555,556,557,558
8/4=503,504,505,506,507,508,559,560,561,562,563,564
